3 3 3 3 3 3 3 3 3 3 3 3 3 3 3 
3 3 3 3 3 3 3 5 3 3 3 3 3 3 3
3 3 3 3 3 3 3 0 3 3 3 3 3 3 3 
3 3 0 0 0 0 0 0 0 0 0 0 3 3 3 
3 3 0 0 0 0 0 0 0 0 0 0 3 3 3 
3 3 0 0 0 0 0 0 0 0 0 0 3 3 3 
3 3 0 0 0 0 0 0 0 0 0 0 3 3 3 
3 3 0 0 0 0 0 0 0 6 6 0 3 3 3 
3 3 0 0 0 0 0 0 0 6 6 0 3 3 3 
3 3 0 0 0 0 0 0 0 0 0 0 3 3 3 
3 3 0 0 0 0 13 13 13 0 0 0 3 3 3 
3 3 0 0 0 0 13 13 13 0 0 0 3 3 3 
3 3 0 0 0 0 13 13 13 0 0 0 3 3 3 
3 3 0 0 0 0 0 0 0 0 0 0 3 3 3 
3 3 0 0 0 0 0 0 0 0 0 0 3 3 3 
3 3 0 0 0 0 0 0 0 0 0 0 3 3 3 
3 3 0 0 0 0 0 0 0 0 0 0 3 3 3 
3 3 0 0 0 0 0 0 0 0 0 0 3 3 3 
3 3 3 3 3 3 3 0 3 3 3 3 3 3 3 
3 3 3 3 3 3 3 5 3 3 3 3 3 3 3 
3 3 3 3 3 3 3 3 3 3 3 3 3 3 3 